k Nrep i_ave squared_error_HSgb_G
1 100 1 0.00738146888
1 100 2 0.02270579474
1 100 3 0.02952256811
1 100 4 0.06871744906
1 100 5 0.02840017812
1 100 6 0.03823131851
1 100 7 0.03230880063
1 100 8 0.02502760590
1 100 9 0.01099025791
1 100 10 0.02900501228
1 100 11 0.04554588874
1 100 12 0.01797126520
1 100 13 0.02265012637
1 100 14 0.00894228367
1 100 15 0.02376030844
1 100 16 0.02500891815
1 100 17 0.05413381284
1 100 18 0.02641008508
1 100 19 0.02936858762
1 100 20 0.02954227755
1 100 21 0.00965159238
1 100 22 0.03646701981
1 100 23 0.01413826442
1 100 24 0.04685982327
1 100 25 0.00771548522
1 100 26 0.00690137729
1 100 27 0.01237143999
1 100 28 0.04388898823
1 100 29 0.02026841442
1 100 30 0.01406475695
1 100 31 0.01055194261
1 100 32 0.01655186858
1 100 33 0.00929272184
1 100 34 0.02375818156
1 100 35 0.02892291072
1 100 36 0.05362887088
1 100 37 0.01156361829
1 100 38 0.02310461592
1 100 39 0.02678001957
1 100 40 0.00656390550
1 100 41 0.02551458576
1 100 42 0.01541195186
1 100 43 0.01280851188
1 100 44 0.00268610667
1 100 45 0.05748084407
1 100 46 0.02504312995
1 100 47 0.01721035383
1 100 48 0.02563031980
1 100 49 0.03891817992
1 100 50 0.00755086376
1 100 51 0.01758325117
1 100 52 0.01805547762
1 100 53 0.03496467635
1 100 54 0.03886076438
1 100 55 0.01243134903
1 100 56 0.02242234401
1 100 57 0.03870922636
1 100 58 0.01856623198
1 100 59 0.01050605721
1 100 60 0.01028100395
1 100 61 0.00591651768
1 100 62 0.01765316197
1 100 63 0.01330677021
1 100 64 0.02396747899
1 100 65 0.03649508699
1 100 66 0.04403236448
1 100 67 0.01857508013
1 100 68 0.01843471768
1 100 69 0.01015177714
1 100 70 0.04708811464
1 100 71 0.03330546208
1 100 72 0.02024548708
1 100 73 0.02459670490
1 100 74 0.02437380178
1 100 75 0.03297027573
1 100 76 0.02650645164
1 100 77 0.01555841400
1 100 78 0.02836057135
1 100 79 0.03112753586
1 100 80 0.03223219700
1 100 81 0.01616054295
1 100 82 0.01668495439
1 100 83 0.03792665465
1 100 84 0.01812913654
1 100 85 0.04139695519
1 100 86 0.01119939423
1 100 87 0.02758410877
1 100 88 0.02854424417
1 100 89 0.00826196645
1 100 90 0.05654356738
1 100 91 0.02250016045
1 100 92 0.01923822857
1 100 93 0.01461261021
1 100 94 0.02105130563
1 100 95 0.04984778393
1 100 96 0.02801021081
1 100 97 0.00255234023
1 100 98 0.03895851723
1 100 99 0.01516429936
1 100 100 0.01399222617
1 1000 1 0.00276280165
1 1000 2 0.00246172144
1 1000 3 0.00675336109
1 1000 4 0.00126398047
1 1000 5 0.00338730303
1 1000 6 0.00144878540
1 1000 7 0.00122217569
1 1000 8 0.00155493943
1 1000 9 0.00338140403
1 1000 10 0.00560302462
1 1000 11 0.00588229004
1 1000 12 0.00233025077
1 1000 13 0.00298637275
1 1000 14 0.00148413360
1 1000 15 0.00634983758
1 1000 16 0.00296612040
1 1000 17 0.00364827196
1 1000 18 0.00406297687
1 1000 19 0.00300445948
1 1000 20 0.00170041828
1 1000 21 0.00406475780
1 1000 22 0.00255115170
1 1000 23 0.01124291885
1 1000 24 0.00322310150
1 1000 25 0.00350664671
1 1000 26 0.00235747580
1 1000 27 0.00201899992
1 1000 28 0.00335566327
1 1000 29 0.00222171989
1 1000 30 0.00304255972
1 1000 31 0.00228973010
1 1000 32 0.00318947708
1 1000 33 0.00082464926
1 1000 34 0.00169497004
1 1000 35 0.00227682702
1 1000 36 0.00146823420
1 1000 37 0.00324731877
1 1000 38 0.00453951097
1 1000 39 0.00993557947
1 1000 40 0.00631968979
1 1000 41 0.00483105444
1 1000 42 0.00358044454
1 1000 43 0.00269682587
1 1000 44 0.00828850465
1 1000 45 0.00374734828
1 1000 46 0.00800901281
1 1000 47 0.00865494404
1 1000 48 0.00354351130
1 1000 49 0.00676048397
1 1000 50 0.00106657217
1 1000 51 0.00316032923
1 1000 52 0.00228937325
1 1000 53 0.00163439950
1 1000 54 0.00368704201
1 1000 55 0.00354864885
1 1000 56 0.00316486494
1 1000 57 0.00290856918
1 1000 58 0.00312872184
1 1000 59 0.00258656271
1 1000 60 0.00420411657
1 1000 61 0.00474876598
1 1000 62 0.00640130634
1 1000 63 0.00113585671
1 1000 64 0.00244855574
1 1000 65 0.00517842257
1 1000 66 0.00256448630
1 1000 67 0.00239905984
1 1000 68 0.00362415134
1 1000 69 0.00346681330
1 1000 70 0.00569203150
1 1000 71 0.00263742608
1 1000 72 0.00270985995
1 1000 73 0.00199188815
1 1000 74 0.00503841529
1 1000 75 0.00483686259
1 1000 76 0.00243233467
1 1000 77 0.00318360707
1 1000 78 0.00200650385
1 1000 79 0.00289675290
1 1000 80 0.00294825283
1 1000 81 0.00179222121
1 1000 82 0.00488834303
1 1000 83 0.00219777414
1 1000 84 0.00155894600
1 1000 85 0.00303045171
1 1000 86 0.00487274142
1 1000 87 0.00287950480
1 1000 88 0.00681815729
1 1000 89 0.00251336792
1 1000 90 0.00154931479
1 1000 91 0.00161054941
1 1000 92 0.00395273048
1 1000 93 0.00325074932
1 1000 94 0.00501731062
1 1000 95 0.00415128135
1 1000 96 0.00237456036
1 1000 97 0.00201791784
1 1000 98 0.00256619598
1 1000 99 0.00263700917
1 1000 100 0.00199534415
1 10000 1 0.00120899172
1 10000 2 0.00125779551
1 10000 3 0.00116992223
1 10000 4 0.00119535012
1 10000 5 0.00126277086
1 10000 6 0.00111026959
1 10000 7 0.00139776968
1 10000 8 0.00107909100
1 10000 9 0.00126240156
1 10000 10 0.00128029994
1 10000 11 0.00159129766
1 10000 12 0.00124934956
1 10000 13 0.00101278743
1 10000 14 0.00124335209
1 10000 15 0.00162839177
1 10000 16 0.00141961243
1 10000 17 0.00146751509
1 10000 18 0.00125128806
1 10000 19 0.00145121316
1 10000 20 0.00154567499
1 10000 21 0.00140534492
1 10000 22 0.00121481726
1 10000 23 0.00203264521
1 10000 24 0.00123923286
1 10000 25 0.00085735576
1 10000 26 0.00121313551
1 10000 27 0.00142825953
1 10000 28 0.00120687436
1 10000 29 0.00129052619
1 10000 30 0.00129386074
1 10000 31 0.00113368352
1 10000 32 0.00125901710
1 10000 33 0.00144965714
1 10000 34 0.00093302225
1 10000 35 0.00122793620
1 10000 36 0.00115695326
1 10000 37 0.00193671752
1 10000 38 0.00142601416
1 10000 39 0.00157158684
1 10000 40 0.00166810627
1 10000 41 0.00174782064
1 10000 42 0.00125084785
1 10000 43 0.00194807814
1 10000 44 0.00162254965
1 10000 45 0.00132163471
1 10000 46 0.00160350751
1 10000 47 0.00134869485
1 10000 48 0.00132854275
1 10000 49 0.00141348192
1 10000 50 0.00126148173
1 10000 51 0.00116778874
1 10000 52 0.00130247211
1 10000 53 0.00102181824
1 10000 54 0.00164065006
1 10000 55 0.00106180882
1 10000 56 0.00127030490
1 10000 57 0.00135859917
1 10000 58 0.00197917671
1 10000 59 0.00137613675
1 10000 60 0.00120264840
1 10000 61 0.00194629596
1 10000 62 0.00139776089
1 10000 63 0.00136643028
1 10000 64 0.00131302397
1 10000 65 0.00147884995
1 10000 66 0.00152024590
1 10000 67 0.00102718811
1 10000 68 0.00122383682
1 10000 69 0.00124534739
1 10000 70 0.00134596691
1 10000 71 0.00129257295
1 10000 72 0.00125251526
1 10000 73 0.00139332110
1 10000 74 0.00144245349
1 10000 75 0.00115439228
1 10000 76 0.00125604934
1 10000 77 0.00152782477
1 10000 78 0.00118979010
1 10000 79 0.00162649252
1 10000 80 0.00100951450
1 10000 81 0.00159403498
1 10000 82 0.00156871707
1 10000 83 0.00198716898
1 10000 84 0.00115485250
1 10000 85 0.00175020213
1 10000 86 0.00166323867
1 10000 87 0.00264812336
1 10000 88 0.00151243936
1 10000 89 0.00166013962
1 10000 90 0.00141803569
1 10000 91 0.00129769121
1 10000 92 0.00132591508
1 10000 93 0.00183907469
1 10000 94 0.00127584668
1 10000 95 0.00196238335
1 10000 96 0.00172127465
1 10000 97 0.00118221104
1 10000 98 0.00128739199
1 10000 99 0.00114590308
1 10000 100 0.00114999036
1 100000 1 0.00117553631
1 100000 2 0.00112366597
1 100000 3 0.00108450937
1 100000 4 0.00109997293
1 100000 5 0.00118269957
1 100000 6 0.00111370121
1 100000 7 0.00115328975
1 100000 8 0.00116857361
1 100000 9 0.00111901355
1 100000 10 0.00112951171
1 100000 11 0.00116332696
1 100000 12 0.00118859778
1 100000 13 0.00119850847
1 100000 14 0.00109664079
1 100000 15 0.00120782850
1 100000 16 0.00122384944
1 100000 17 0.00116539364
1 100000 18 0.00117967447
1 100000 19 0.00126290072
1 100000 20 0.00109001282
1 100000 21 0.00121693718
1 100000 22 0.00116214156
1 100000 23 0.00113933294
1 100000 24 0.00117566243
1 100000 25 0.00113750037
1 100000 26 0.00107331027
1 100000 27 0.00124221120
1 100000 28 0.00114171466
1 100000 29 0.00117450859
1 100000 30 0.00109382862
1 100000 31 0.00110212734
1 100000 32 0.00117341011
1 100000 33 0.00120676827
1 100000 34 0.00115283096
1 100000 35 0.00111982864
1 100000 36 0.00112062474
1 100000 37 0.00115606553
1 100000 38 0.00111571634
1 100000 39 0.00124092132
1 100000 40 0.00124856241
1 100000 41 0.00116247835
1 100000 42 0.00117268373
1 100000 43 0.00118685341
1 100000 44 0.00112656590
1 100000 45 0.00119376165
1 100000 46 0.00116860578
1 100000 47 0.00110558921
1 100000 48 0.00112052885
1 100000 49 0.00121111356
1 100000 50 0.00115120952
1 100000 51 0.00119025760
1 100000 52 0.00113848097
1 100000 53 0.00117524603
1 100000 54 0.00118538804
1 100000 55 0.00111715835
1 100000 56 0.00109258077
1 100000 57 0.00116686499
1 100000 58 0.00122266230
1 100000 59 0.00118302841
1 100000 60 0.00118637291
1 100000 61 0.00117548514
1 100000 62 0.00120284177
1 100000 63 0.00107865106
1 100000 64 0.00115601012
1 100000 65 0.00118767490
1 100000 66 0.00113248110
1 100000 67 0.00116873394
1 100000 68 0.00110473448
1 100000 69 0.00115726007
1 100000 70 0.00120077974
1 100000 71 0.00119423272
1 100000 72 0.00113158089
1 100000 73 0.00120600461
1 100000 74 0.00129036455
1 100000 75 0.00119459262
1 100000 76 0.00110622051
1 100000 77 0.00113130249
1 100000 78 0.00115125770
1 100000 79 0.00122488228
1 100000 80 0.00111951136
1 100000 81 0.00124227465
1 100000 82 0.00116244741
1 100000 83 0.00118659556
1 100000 84 0.00113351519
1 100000 85 0.00109822416
1 100000 86 0.00125308069
1 100000 87 0.00119393220
1 100000 88 0.00119807394
1 100000 89 0.00113701273
1 100000 90 0.00121311962
1 100000 91 0.00119985247
1 100000 92 0.00118105544
1 100000 93 0.00117973358
1 100000 94 0.00114449954
1 100000 95 0.00114940220
1 100000 96 0.00119812779
1 100000 97 0.00115090157
1 100000 98 0.00110618707
1 100000 99 0.00118690938
1 100000 100 0.00113871187
3 100 1 0.01947160395
3 100 2 0.00943574170
3 100 3 0.01200322095
3 100 4 0.00559463131
3 100 5 0.01423691655
3 100 6 0.00846878845
3 100 7 0.03125705889
3 100 8 0.00664612948
3 100 9 0.02024424788
3 100 10 0.02162685581
3 100 11 0.01441099911
3 100 12 0.01930203455
3 100 13 0.00465007029
3 100 14 0.02278887457
3 100 15 0.00997430947
3 100 16 0.02138816419
3 100 17 0.00851862666
3 100 18 0.01478160833
3 100 19 0.02110683839
3 100 20 0.00734989096
3 100 21 0.01197384764
3 100 22 0.03270657396
3 100 23 0.00837844824
3 100 24 0.06880736499
3 100 25 0.02118751238
3 100 26 0.00450338457
3 100 27 0.01726258664
3 100 28 0.01109143383
3 100 29 0.01313590678
3 100 30 0.00262079240
3 100 31 0.01689356718
3 100 32 0.01035169679
3 100 33 0.00782324812
3 100 34 0.03471647565
3 100 35 0.01185886865
3 100 36 0.01986377694
3 100 37 0.01322578192
3 100 38 0.03428982554
3 100 39 0.01186993025
3 100 40 0.00321968831
3 100 41 0.01901112370
3 100 42 0.01457017401
3 100 43 0.00976136114
3 100 44 0.01073815392
3 100 45 0.01465590573
3 100 46 0.00787356827
3 100 47 0.01851645623
3 100 48 0.01755995261
3 100 49 0.01828119205
3 100 50 0.00846563370
3 100 51 0.00683205230
3 100 52 0.00708424142
3 100 53 0.02140055564
3 100 54 0.02030485619
3 100 55 0.01805701513
3 100 56 0.01365593532
3 100 57 0.01065010336
3 100 58 0.02091778000
3 100 59 0.01547799870
3 100 60 0.03622365205
3 100 61 0.02776973560
3 100 62 0.01503645733
3 100 63 0.01462482076
3 100 64 0.01718622207
3 100 65 0.02754299483
3 100 66 0.00667197948
3 100 67 0.05111220990
3 100 68 0.01040163602
3 100 69 0.02481567873
3 100 70 0.01038091975
3 100 71 0.01965555441
3 100 72 0.01043590985
3 100 73 0.01662553590
3 100 74 0.02336493181
3 100 75 0.02356272288
3 100 76 0.00380624517
3 100 77 0.00756629335
3 100 78 0.01845188400
3 100 79 0.01522981001
3 100 80 0.01171966422
3 100 81 0.00455634248
3 100 82 0.01341099072
3 100 83 0.00768439948
3 100 84 0.00735788289
3 100 85 0.02198560013
3 100 86 0.01762178347
3 100 87 0.00315492713
3 100 88 0.00623346268
3 100 89 0.01072146226
3 100 90 0.00657693106
3 100 91 0.01345003238
3 100 92 0.01291933102
3 100 93 0.02088880816
3 100 94 0.03233908480
3 100 95 0.02983576948
3 100 96 0.02339182967
3 100 97 0.01102249982
3 100 98 0.05585123031
3 100 99 0.00215876659
3 100 100 0.02413393116
3 1000 1 0.00251833653
3 1000 2 0.00225832623
3 1000 3 0.00121999401
3 1000 4 0.00124154452
3 1000 5 0.00295014122
3 1000 6 0.00139995922
3 1000 7 0.00133377155
3 1000 8 0.00354478687
3 1000 9 0.00244237268
3 1000 10 0.00450248565
3 1000 11 0.00448869746
3 1000 12 0.00062755272
3 1000 13 0.00130546483
3 1000 14 0.00117273029
3 1000 15 0.00460579636
3 1000 16 0.00181115653
3 1000 17 0.00154026860
3 1000 18 0.00459793828
3 1000 19 0.00171116164
3 1000 20 0.00196324671
3 1000 21 0.00256060217
3 1000 22 0.00322390178
3 1000 23 0.00252304665
3 1000 24 0.00140483790
3 1000 25 0.00137467096
3 1000 26 0.00293419584
3 1000 27 0.00139512591
3 1000 28 0.00237793860
3 1000 29 0.00510037265
3 1000 30 0.00149992985
3 1000 31 0.00190096808
3 1000 32 0.00352080699
3 1000 33 0.00129245961
3 1000 34 0.00155667993
3 1000 35 0.00235459157
3 1000 36 0.00422258930
3 1000 37 0.00288667675
3 1000 38 0.00119176933
3 1000 39 0.00294412507
3 1000 40 0.00145046035
3 1000 41 0.00134999454
3 1000 42 0.00239853955
3 1000 43 0.00289502288
3 1000 44 0.00331431932
3 1000 45 0.00282661798
3 1000 46 0.00069193754
3 1000 47 0.00157175176
3 1000 48 0.00497767299
3 1000 49 0.00311234820
3 1000 50 0.00132293333
3 1000 51 0.00296912582
3 1000 52 0.00157956125
3 1000 53 0.00096322516
3 1000 54 0.00221689585
3 1000 55 0.00128385857
3 1000 56 0.00103477736
3 1000 57 0.00180750559
3 1000 58 0.00294699925
3 1000 59 0.00204464360
3 1000 60 0.00189219823
3 1000 61 0.00316465214
3 1000 62 0.00146244147
3 1000 63 0.00157053824
3 1000 64 0.00105653426
3 1000 65 0.00351451718
3 1000 66 0.00275343798
3 1000 67 0.00261227459
3 1000 68 0.00224731111
3 1000 69 0.00105921447
3 1000 70 0.00055892429
3 1000 71 0.00186983563
3 1000 72 0.00318446910
3 1000 73 0.00371411008
3 1000 74 0.00110792691
3 1000 75 0.00112621424
3 1000 76 0.00230013950
3 1000 77 0.01173675663
3 1000 78 0.00616285901
3 1000 79 0.00216645079
3 1000 80 0.00378641712
3 1000 81 0.00197339967
3 1000 82 0.00222324941
3 1000 83 0.00107110505
3 1000 84 0.00074528808
3 1000 85 0.00289668616
3 1000 86 0.00274695539
3 1000 87 0.00198897989
3 1000 88 0.00099237532
3 1000 89 0.00164087059
3 1000 90 0.00586198686
3 1000 91 0.00118249845
3 1000 92 0.00656143201
3 1000 93 0.00155167879
3 1000 94 0.00164482024
3 1000 95 0.00789303401
3 1000 96 0.00420547185
3 1000 97 0.00227797524
3 1000 98 0.00259495547
3 1000 99 0.00485528518
3 1000 100 0.00123388692
3 10000 1 0.00084542218
3 10000 2 0.00066513698
3 10000 3 0.00057948663
3 10000 4 0.00059441748
3 10000 5 0.00055876448
3 10000 6 0.00030983039
3 10000 7 0.00054433166
3 10000 8 0.00035705323
3 10000 9 0.00071316297
3 10000 10 0.00063282632
3 10000 11 0.00049095204
3 10000 12 0.00074557828
3 10000 13 0.00084172323
3 10000 14 0.00054942930
3 10000 15 0.00134304138
3 10000 16 0.00083581225
3 10000 17 0.00059447736
3 10000 18 0.00098227713
3 10000 19 0.00061706240
3 10000 20 0.00063409543
3 10000 21 0.00069424843
3 10000 22 0.00066769943
3 10000 23 0.00095499110
3 10000 24 0.00108088058
3 10000 25 0.00121088643
3 10000 26 0.00054556115
3 10000 27 0.00064998438
3 10000 28 0.00070325746
3 10000 29 0.00121037443
3 10000 30 0.00043122298
3 10000 31 0.00044108372
3 10000 32 0.00060867815
3 10000 33 0.00042642201
3 10000 34 0.00049081943
3 10000 35 0.00047888187
3 10000 36 0.00041711398
3 10000 37 0.00049654206
3 10000 38 0.00074589298
3 10000 39 0.00083579843
3 10000 40 0.00176416774
3 10000 41 0.00036762826
3 10000 42 0.00077842903
3 10000 43 0.00083271258
3 10000 44 0.00047840564
3 10000 45 0.00046648020
3 10000 46 0.00051882958
3 10000 47 0.00045748307
3 10000 48 0.00110815954
3 10000 49 0.00043032530
3 10000 50 0.00048074669
3 10000 51 0.00074110197
3 10000 52 0.00042180546
3 10000 53 0.00041948600
3 10000 54 0.00041151897
3 10000 55 0.00047390455
3 10000 56 0.00029401220
3 10000 57 0.00055136265
3 10000 58 0.00049775467
3 10000 59 0.00083077939
3 10000 60 0.00046061554
3 10000 61 0.00054996987
3 10000 62 0.00049652932
3 10000 63 0.00067223013
3 10000 64 0.00064601840
3 10000 65 0.00102970967
3 10000 66 0.00105158076
3 10000 67 0.00044817870
3 10000 68 0.00037704576
3 10000 69 0.00077644906
3 10000 70 0.00028784516
3 10000 71 0.00114353886
3 10000 72 0.00061681058
3 10000 73 0.00054970778
3 10000 74 0.00045311466
3 10000 75 0.00060103345
3 10000 76 0.00045615744
3 10000 77 0.00120124712
3 10000 78 0.00063098314
3 10000 79 0.00041747830
3 10000 80 0.00048452194
3 10000 81 0.00041540428
3 10000 82 0.00056372767
3 10000 83 0.00062991969
3 10000 84 0.00107883921
3 10000 85 0.00049480130
3 10000 86 0.00100783249
3 10000 87 0.00056638425
3 10000 88 0.00078436410
3 10000 89 0.00059596430
3 10000 90 0.00054628709
3 10000 91 0.00086186020
3 10000 92 0.00102544402
3 10000 93 0.00069528375
3 10000 94 0.00058754782
3 10000 95 0.00056517525
3 10000 96 0.00039772524
3 10000 97 0.00048292290
3 10000 98 0.00053471481
3 10000 99 0.00100251050
3 10000 100 0.00047682933
3 100000 1 0.00036158538
3 100000 2 0.00038753971
3 100000 3 0.00039382468
3 100000 4 0.00040953465
3 100000 5 0.00030478658
3 100000 6 0.00036344913
3 100000 7 0.00045239088
3 100000 8 0.00042322237
3 100000 9 0.00038099909
3 100000 10 0.00045673008
3 100000 11 0.00044367064
3 100000 12 0.00049477558
3 100000 13 0.00043365853
3 100000 14 0.00046693662
3 100000 15 0.00060045191
3 100000 16 0.00034857853
3 100000 17 0.00063931807
3 100000 18 0.00041893478
3 100000 19 0.00041756181
3 100000 20 0.00039043361
3 100000 21 0.00057595102
3 100000 22 0.00041137006
3 100000 23 0.00073497716
3 100000 24 0.00056161575
3 100000 25 0.00042301588
3 100000 26 0.00035850494
3 100000 27 0.00039569855
3 100000 28 0.00032155170
3 100000 29 0.00045868527
3 100000 30 0.00043352296
3 100000 31 0.00033828460
3 100000 32 0.00040707822
3 100000 33 0.00061852622
3 100000 34 0.00048352239
3 100000 35 0.00042109445
3 100000 36 0.00048893093
3 100000 37 0.00038618237
3 100000 38 0.00039952854
3 100000 39 0.00053716283
3 100000 40 0.00055848938
3 100000 41 0.00034937448
3 100000 42 0.00041748859
3 100000 43 0.00044833619
3 100000 44 0.00033196049
3 100000 45 0.00033559783
3 100000 46 0.00047136820
3 100000 47 0.00029376058
3 100000 48 0.00041185303
3 100000 49 0.00033614188
3 100000 50 0.00066020823
3 100000 51 0.00049934429
3 100000 52 0.00042001420
3 100000 53 0.00046828655
3 100000 54 0.00039559676
3 100000 55 0.00042550076
3 100000 56 0.00040674896
3 100000 57 0.00047210660
3 100000 58 0.00053680632
3 100000 59 0.00036638166
3 100000 60 0.00037256161
3 100000 61 0.00052633697
3 100000 62 0.00032336166
3 100000 63 0.00049230426
3 100000 64 0.00031030453
3 100000 65 0.00034512453
3 100000 66 0.00066576634
3 100000 67 0.00039280706
3 100000 68 0.00042024794
3 100000 69 0.00039225472
3 100000 70 0.00036695529
3 100000 71 0.00038692247
3 100000 72 0.00060361936
3 100000 73 0.00050170900
3 100000 74 0.00042213249
3 100000 75 0.00031403774
3 100000 76 0.00041806767
3 100000 77 0.00041077674
3 100000 78 0.00047296501
3 100000 79 0.00031649078
3 100000 80 0.00031240006
3 100000 81 0.00040963421
3 100000 82 0.00045222469
3 100000 83 0.00031070768
3 100000 84 0.00059877401
3 100000 85 0.00031497845
3 100000 86 0.00033969544
3 100000 87 0.00035868346
3 100000 88 0.00039518851
3 100000 89 0.00039278667
3 100000 90 0.00032341770
3 100000 91 0.00048108415
3 100000 92 0.00038473877
3 100000 93 0.00034729215
3 100000 94 0.00035897477
3 100000 95 0.00049944245
3 100000 96 0.00037417688
3 100000 97 0.00032092229
3 100000 98 0.00051666718
3 100000 99 0.00040847564
3 100000 100 0.00031445224
5 100 1 0.01035899400
5 100 2 0.01025253682
5 100 3 0.01440387583
5 100 4 0.02441038269
5 100 5 0.01409699535
5 100 6 0.01138952418
5 100 7 0.00268330812
5 100 8 0.00769263374
5 100 9 0.00584204676
5 100 10 0.00837047704
5 100 11 0.01168661504
5 100 12 0.01776572544
5 100 13 0.01054163705
5 100 14 0.01443367276
5 100 15 0.01114191445
5 100 16 0.00627123477
5 100 17 0.00558524121
5 100 18 0.02328258503
5 100 19 0.00430817751
5 100 20 0.01992752455
5 100 21 0.04292438918
5 100 22 0.01980182952
5 100 23 0.01073375928
5 100 24 0.00756269559
5 100 25 0.02659208672
5 100 26 0.00918281642
5 100 27 0.01153784504
5 100 28 0.01813408488
5 100 29 0.00872505720
5 100 30 0.02965351107
5 100 31 0.02811696882
5 100 32 0.01777173227
5 100 33 0.00917213771
5 100 34 0.02014955041
5 100 35 0.00794285578
5 100 36 0.01799881776
5 100 37 0.01168508509
5 100 38 0.00705707052
5 100 39 0.03201276415
5 100 40 0.01720094885
5 100 41 0.00444976947
5 100 42 0.00406322151
5 100 43 0.01296741583
5 100 44 0.00814112939
5 100 45 0.01437692237
5 100 46 0.00948702035
5 100 47 0.00516446732
5 100 48 0.06848603282
5 100 49 0.00655212840
5 100 50 0.00217791543
5 100 51 0.01274326090
5 100 52 0.02360450411
5 100 53 0.01249385526
5 100 54 0.01057329522
5 100 55 0.00211228659
5 100 56 0.00661556466
5 100 57 0.00856653881
5 100 58 0.00721823168
5 100 59 0.01974754078
5 100 60 0.00399784056
5 100 61 0.00247136463
5 100 62 0.00880722437
5 100 63 0.00229555600
5 100 64 0.02373295114
5 100 65 0.01007137287
5 100 66 0.01744771037
5 100 67 0.00460519687
5 100 68 0.01341289872
5 100 69 0.04937652053
5 100 70 0.01418214713
5 100 71 0.03320256251
5 100 72 0.00369446524
5 100 73 0.01207269783
5 100 74 0.00526363316
5 100 75 0.01947334140
5 100 76 0.00500757893
5 100 77 0.00823972179
5 100 78 0.05594775288
5 100 79 0.02319483252
5 100 80 0.01578068096
5 100 81 0.00623059600
5 100 82 0.00821639288
5 100 83 0.00840242019
5 100 84 0.00770365803
5 100 85 0.00828866637
5 100 86 0.00465536724
5 100 87 0.00570675265
5 100 88 0.02727098133
5 100 89 0.00556063697
5 100 90 0.01003291256
5 100 91 0.00666189126
5 100 92 0.01679727921
5 100 93 0.01111184127
5 100 94 0.00537247046
5 100 95 0.01239371323
5 100 96 0.02110731650
5 100 97 0.01723840581
5 100 98 0.01315069907
5 100 99 0.03014171579
5 100 100 0.01034355823
5 1000 1 0.00311194079
5 1000 2 0.00460001654
5 1000 3 0.00114849017
5 1000 4 0.00300448980
5 1000 5 0.00097161974
5 1000 6 0.00068282281
5 1000 7 0.00188497331
5 1000 8 0.00255856922
5 1000 9 0.00292933605
5 1000 10 0.00142813642
5 1000 11 0.01250516210
5 1000 12 0.00124091962
5 1000 13 0.00218375068
5 1000 14 0.00055564797
5 1000 15 0.00127735844
5 1000 16 0.00144703485
5 1000 17 0.00594126761
5 1000 18 0.00047209443
5 1000 19 0.00181532443
5 1000 20 0.00192649546
5 1000 21 0.00063993517
5 1000 22 0.00092335312
5 1000 23 0.00509384709
5 1000 24 0.00238473843
5 1000 25 0.00425209007
5 1000 26 0.00319359820
5 1000 27 0.00399317273
5 1000 28 0.00101886704
5 1000 29 0.00030021561
5 1000 30 0.00548923964
5 1000 31 0.00184460065
5 1000 32 0.00259915067
5 1000 33 0.00025273907
5 1000 34 0.00237014649
5 1000 35 0.00093399352
5 1000 36 0.00078267701
5 1000 37 0.00137029409
5 1000 38 0.00186898418
5 1000 39 0.00322066340
5 1000 40 0.00282124154
5 1000 41 0.00171611101
5 1000 42 0.00322474367
5 1000 43 0.00079306018
5 1000 44 0.00142233307
5 1000 45 0.00180490792
5 1000 46 0.00238581739
5 1000 47 0.00465135011
5 1000 48 0.00245226219
5 1000 49 0.00077583430
5 1000 50 0.00088890481
5 1000 51 0.00083308434
5 1000 52 0.00074486260
5 1000 53 0.00061601110
5 1000 54 0.00174768988
5 1000 55 0.00129168913
5 1000 56 0.00372613492
5 1000 57 0.00038389717
5 1000 58 0.00044285937
5 1000 59 0.00284553943
5 1000 60 0.00247554369
5 1000 61 0.00124681271
5 1000 62 0.00047945140
5 1000 63 0.00326531229
5 1000 64 0.00141727364
5 1000 65 0.00054664533
5 1000 66 0.00339164417
5 1000 67 0.00059777419
5 1000 68 0.00605437938
5 1000 69 0.00120502529
5 1000 70 0.00085103698
5 1000 71 0.00219786478
5 1000 72 0.00051820974
5 1000 73 0.00257723020
5 1000 74 0.00413160106
5 1000 75 0.00184648889
5 1000 76 0.00311757432
5 1000 77 0.00200886622
5 1000 78 0.00210931661
5 1000 79 0.00034380237
5 1000 80 0.00180115986
5 1000 81 0.00091283997
5 1000 82 0.00238480248
5 1000 83 0.00701431515
5 1000 84 0.00097763603
5 1000 85 0.00304515996
5 1000 86 0.00193830132
5 1000 87 0.00057351340
5 1000 88 0.00180488113
5 1000 89 0.00122332060
5 1000 90 0.00141191014
5 1000 91 0.00122896137
5 1000 92 0.00300862892
5 1000 93 0.00073756064
5 1000 94 0.00071587998
5 1000 95 0.00069706311
5 1000 96 0.00082851007
5 1000 97 0.00080244470
5 1000 98 0.00067191391
5 1000 99 0.00115984140
5 1000 100 0.00098528499
5 10000 1 0.00057399744
5 10000 2 0.00073984575
5 10000 3 0.00036242314
5 10000 4 0.00028667097
5 10000 5 0.00038860950
5 10000 6 0.00021404078
5 10000 7 0.00023051391
5 10000 8 0.00060143495
5 10000 9 0.00046707415
5 10000 10 0.00030201353
5 10000 11 0.00032508036
5 10000 12 0.00045076046
5 10000 13 0.00025950714
5 10000 14 0.00023136570
5 10000 15 0.00025324988
5 10000 16 0.00032406621
5 10000 17 0.00029532204
5 10000 18 0.00041362221
5 10000 19 0.00039802517
5 10000 20 0.00022596405
5 10000 21 0.00043164312
5 10000 22 0.00060880506
5 10000 23 0.00028344089
5 10000 24 0.00105775136
5 10000 25 0.00025106576
5 10000 26 0.00080629088
5 10000 27 0.00025404904
5 10000 28 0.00048663510
5 10000 29 0.00027346221
5 10000 30 0.00033083308
5 10000 31 0.00027579261
5 10000 32 0.00032588206
5 10000 33 0.00037513249
5 10000 34 0.00102379555
5 10000 35 0.00021471202
5 10000 36 0.00024334927
5 10000 37 0.00028055073
5 10000 38 0.00044706532
5 10000 39 0.00046425087
5 10000 40 0.00062846265
5 10000 41 0.00030049595
5 10000 42 0.00030003533
5 10000 43 0.00034908491
5 10000 44 0.00029081266
5 10000 45 0.00037569071
5 10000 46 0.00018836573
5 10000 47 0.00022180230
5 10000 48 0.00016815599
5 10000 49 0.00048847557
5 10000 50 0.00061900060
5 10000 51 0.00041452547
5 10000 52 0.00033967365
5 10000 53 0.00074224889
5 10000 54 0.00044065086
5 10000 55 0.00029522009
5 10000 56 0.00034693853
5 10000 57 0.00073568998
5 10000 58 0.00024776330
5 10000 59 0.00053731662
5 10000 60 0.00040131359
5 10000 61 0.00030482051
5 10000 62 0.00032577271
5 10000 63 0.00032836370
5 10000 64 0.00021239266
5 10000 65 0.00033763996
5 10000 66 0.00037447822
5 10000 67 0.00043365601
5 10000 68 0.00031910743
5 10000 69 0.00043571785
5 10000 70 0.00035899764
5 10000 71 0.00060563518
5 10000 72 0.00025505180
5 10000 73 0.00035116181
5 10000 74 0.00030759399
5 10000 75 0.00055602418
5 10000 76 0.00038173904
5 10000 77 0.00054429547
5 10000 78 0.00055641247
5 10000 79 0.00023405792
5 10000 80 0.00080162796
5 10000 81 0.00021293558
5 10000 82 0.00037216201
5 10000 83 0.00052139384
5 10000 84 0.00032157456
5 10000 85 0.00042378019
5 10000 86 0.00034924523
5 10000 87 0.00019040147
5 10000 88 0.00048563282
5 10000 89 0.00033344247
5 10000 90 0.00040012732
5 10000 91 0.00066202870
5 10000 92 0.00028502409
5 10000 93 0.00018680598
5 10000 94 0.00032599681
5 10000 95 0.00037224332
5 10000 96 0.00031703595
5 10000 97 0.00041121248
5 10000 98 0.00044478183
5 10000 99 0.00054066688
5 10000 100 0.00062638239
5 100000 1 0.00018589612
5 100000 2 0.00019219842
5 100000 3 0.00020999667
5 100000 4 0.00024365831
5 100000 5 0.00022123073
5 100000 6 0.00017810540
5 100000 7 0.00021831243
5 100000 8 0.00019603988
5 100000 9 0.00020740950
5 100000 10 0.00018364848
5 100000 11 0.00018565305
5 100000 12 0.00017732744
5 100000 13 0.00017766059
5 100000 14 0.00019758004
5 100000 15 0.00018603471
5 100000 16 0.00023570103
5 100000 17 0.00020525527
5 100000 18 0.00020591336
5 100000 19 0.00019205423
5 100000 20 0.00021479535
5 100000 21 0.00021500200
5 100000 22 0.00020377872
5 100000 23 0.00022438966
5 100000 24 0.00021553131
5 100000 25 0.00018642034
5 100000 26 0.00018715309
5 100000 27 0.00022572730
5 100000 28 0.00018486677
5 100000 29 0.00021373711
5 100000 30 0.00019314169
5 100000 31 0.00018148854
5 100000 32 0.00019980111
5 100000 33 0.00019595413
5 100000 34 0.00019624112
5 100000 35 0.00020996327
5 100000 36 0.00019800187
5 100000 37 0.00021958677
5 100000 38 0.00019001679
5 100000 39 0.00022249519
5 100000 40 0.00018343864
5 100000 41 0.00027234646
5 100000 42 0.00019977879
5 100000 43 0.00017631685
5 100000 44 0.00021307803
5 100000 45 0.00023059951
5 100000 46 0.00018634372
5 100000 47 0.00020835478
5 100000 48 0.00017307908
5 100000 49 0.00024108322
5 100000 50 0.00018904141
5 100000 51 0.00019256263
5 100000 52 0.00020787966
5 100000 53 0.00019087500
5 100000 54 0.00018515842
5 100000 55 0.00018455321
5 100000 56 0.00024565761
5 100000 57 0.00020171269
5 100000 58 0.00022272501
5 100000 59 0.00022202582
5 100000 60 0.00018733908
5 100000 61 0.00020795648
5 100000 62 0.00021313597
5 100000 63 0.00019440428
5 100000 64 0.00021741705
5 100000 65 0.00023078881
5 100000 66 0.00020542482
5 100000 67 0.00021386170
5 100000 68 0.00018307298
5 100000 69 0.00021182408
5 100000 70 0.00018596075
5 100000 71 0.00017646791
5 100000 72 0.00021346886
5 100000 73 0.00021810661
5 100000 74 0.00020714098
5 100000 75 0.00020425252
5 100000 76 0.00024120494
5 100000 77 0.00021701001
5 100000 78 0.00018814770
5 100000 79 0.00018460641
5 100000 80 0.00019614406
5 100000 81 0.00022244821
5 100000 82 0.00021085848
5 100000 83 0.00033231395
5 100000 84 0.00018962049
5 100000 85 0.00020086994
5 100000 86 0.00026269588
5 100000 87 0.00018844903
5 100000 88 0.00019416050
5 100000 89 0.00020690820
5 100000 90 0.00024230404
5 100000 91 0.00023963458
5 100000 92 0.00022867593
5 100000 93 0.00016431783
5 100000 94 0.00019278782
5 100000 95 0.00019210652
5 100000 96 0.00017819398
5 100000 97 0.00024755092
5 100000 98 0.00020413997
5 100000 99 0.00019449548
5 100000 100 0.00017894545
7 100 1 0.05189544656
7 100 2 0.03639383321
7 100 3 0.00456609512
7 100 4 0.01153931090
7 100 5 0.00177362031
7 100 6 0.05551702578
7 100 7 0.02802210414
7 100 8 0.01978478985
7 100 9 0.01203633627
7 100 10 0.02709074240
7 100 11 0.02723552248
7 100 12 0.01148484487
7 100 13 0.01420301062
7 100 14 0.00958390761
7 100 15 0.00477085181
7 100 16 0.01284230430
7 100 17 0.00991277707
7 100 18 0.01972316091
7 100 19 0.00220274521
7 100 20 0.00572810918
7 100 21 0.00506229586
7 100 22 0.02889204897
7 100 23 0.02661413905
7 100 24 0.00575536623
7 100 25 0.02175680818
7 100 26 0.01640015969
7 100 27 0.05499672066
7 100 28 0.00535912290
7 100 29 0.01601646127
7 100 30 0.00362808716
7 100 31 0.01686515497
7 100 32 0.00821460848
7 100 33 0.08666835924
7 100 34 0.02020616926
7 100 35 0.02632477995
7 100 36 0.06282599522
7 100 37 0.01019865193
7 100 38 0.00720235144
7 100 39 0.00871744107
7 100 40 0.02054081883
7 100 41 0.01165404156
7 100 42 0.01760436090
7 100 43 0.01323779570
7 100 44 0.00407432735
7 100 45 0.01045506644
7 100 46 0.03432719194
7 100 47 0.00458003967
7 100 48 0.01366217745
7 100 49 0.00405705298
7 100 50 0.02725316145
7 100 51 0.06518891098
7 100 52 0.02718611261
7 100 53 0.01700679237
7 100 54 0.02047955265
7 100 55 0.00212804544
7 100 56 0.03248905758
7 100 57 0.03606089412
7 100 58 0.01730219415
7 100 59 0.01604016861
7 100 60 0.02302793412
7 100 61 0.00442105924
7 100 62 0.00556860225
7 100 63 0.01094431109
7 100 64 0.02740711295
7 100 65 0.00608822737
7 100 66 0.00386715126
7 100 67 0.03055021496
7 100 68 0.03373452275
7 100 69 0.04316530667
7 100 70 0.00797445327
7 100 71 0.01232915041
7 100 72 0.00956297041
7 100 73 0.00136800902
7 100 74 0.00957915129
7 100 75 0.01160334656
7 100 76 0.02560317750
7 100 77 0.01201729840
7 100 78 0.00660918781
7 100 79 0.02053355785
7 100 80 0.02830382777
7 100 81 0.00944524830
7 100 82 0.05684153293
7 100 83 0.00526442669
7 100 84 0.00408151667
7 100 85 0.00711351405
7 100 86 0.03603655699
7 100 87 0.00205631373
7 100 88 0.00623605224
7 100 89 0.00262497004
7 100 90 0.00765946551
7 100 91 0.00583270007
7 100 92 0.01340560131
7 100 93 0.01045250733
7 100 94 0.01090620448
7 100 95 0.02049038678
7 100 96 0.01597667903
7 100 97 0.00366234659
7 100 98 0.00425359699
7 100 99 0.00471860947
7 100 100 0.00644001107
7 1000 1 0.00226088511
7 1000 2 0.00074259391
7 1000 3 0.00159851270
7 1000 4 0.00241333810
7 1000 5 0.00347531852
7 1000 6 0.00138234674
7 1000 7 0.00337184426
7 1000 8 0.00131358816
7 1000 9 0.00591960279
7 1000 10 0.00203666195
7 1000 11 0.00163269987
7 1000 12 0.00284415408
7 1000 13 0.00262648998
7 1000 14 0.00364820307
7 1000 15 0.00067156735
7 1000 16 0.00521449720
7 1000 17 0.00091161642
7 1000 18 0.00199812849
7 1000 19 0.00173522461
7 1000 20 0.00156143027
7 1000 21 0.00297981950
7 1000 22 0.00107658797
7 1000 23 0.00831906058
7 1000 24 0.00124282729
7 1000 25 0.00258744399
7 1000 26 0.00463780846
7 1000 27 0.00635329375
7 1000 28 0.00191320727
7 1000 29 0.00307632475
7 1000 30 0.00146165175
7 1000 31 0.00096480528
7 1000 32 0.00204107831
7 1000 33 0.00249981579
7 1000 34 0.00230092348
7 1000 35 0.00172310923
7 1000 36 0.00310340961
7 1000 37 0.00116556667
7 1000 38 0.00387037190
7 1000 39 0.00075789287
7 1000 40 0.00077594162
7 1000 41 0.00098506397
7 1000 42 0.00290775582
7 1000 43 0.00315775386
7 1000 44 0.00163402542
7 1000 45 0.00034171314
7 1000 46 0.00194951917
7 1000 47 0.00232509029
7 1000 48 0.00295934824
7 1000 49 0.00158359100
7 1000 50 0.00078553219
7 1000 51 0.00288294671
7 1000 52 0.00112270835
7 1000 53 0.00064300685
7 1000 54 0.00248004199
7 1000 55 0.00412835737
7 1000 56 0.00189406438
7 1000 57 0.00265037932
7 1000 58 0.00125091603
7 1000 59 0.00181344258
7 1000 60 0.00161047620
7 1000 61 0.00401827679
7 1000 62 0.00393779586
7 1000 63 0.00066061918
7 1000 64 0.00642053670
7 1000 65 0.00207186970
7 1000 66 0.00294667399
7 1000 67 0.00207892306
7 1000 68 0.00282935954
7 1000 69 0.00223256831
7 1000 70 0.00102618629
7 1000 71 0.00073272787
7 1000 72 0.00222721779
7 1000 73 0.00472093113
7 1000 74 0.00634107321
7 1000 75 0.00019864369
7 1000 76 0.00528530847
7 1000 77 0.00263076418
7 1000 78 0.00072577400
7 1000 79 0.00446376863
7 1000 80 0.00572506239
7 1000 81 0.00106370497
7 1000 82 0.00511226420
7 1000 83 0.00124147776
7 1000 84 0.00309130367
7 1000 85 0.00367245777
7 1000 86 0.00748012099
7 1000 87 0.00110047773
7 1000 88 0.00152902198
7 1000 89 0.00041928091
7 1000 90 0.00068050514
7 1000 91 0.00057510655
7 1000 92 0.00319477786
7 1000 93 0.00194299323
7 1000 94 0.00143485301
7 1000 95 0.00287080879
7 1000 96 0.00529084450
7 1000 97 0.00144169793
7 1000 98 0.00256348394
7 1000 99 0.00684620731
7 1000 100 0.00154627409
7 10000 1 0.00081399561
7 10000 2 0.00034652531
7 10000 3 0.00063746950
7 10000 4 0.00045319802
7 10000 5 0.00014280516
7 10000 6 0.00049135866
7 10000 7 0.00049692146
7 10000 8 0.00028205854
7 10000 9 0.00054860366
7 10000 10 0.00043989508
7 10000 11 0.00076331758
7 10000 12 0.00030286344
7 10000 13 0.00032739171
7 10000 14 0.00027744747
7 10000 15 0.00035208475
7 10000 16 0.00025240216
7 10000 17 0.00064354306
7 10000 18 0.00023944630
7 10000 19 0.00019664816
7 10000 20 0.00069663024
7 10000 21 0.00106723326
7 10000 22 0.00045727237
7 10000 23 0.00073589165
7 10000 24 0.00080228737
7 10000 25 0.00037415688
7 10000 26 0.00060196798
7 10000 27 0.00104777094
7 10000 28 0.00074791262
7 10000 29 0.00094130348
7 10000 30 0.00029668403
7 10000 31 0.00041683967
7 10000 32 0.00073093490
7 10000 33 0.00068874284
7 10000 34 0.00047686549
7 10000 35 0.00054459964
7 10000 36 0.00030875589
7 10000 37 0.00018185969
7 10000 38 0.00095579140
7 10000 39 0.00112502939
7 10000 40 0.00022549412
7 10000 41 0.00059507428
7 10000 42 0.00124242397
7 10000 43 0.00022085983
7 10000 44 0.00088202929
7 10000 45 0.00033550780
7 10000 46 0.00032280704
7 10000 47 0.00031716443
7 10000 48 0.00047620573
7 10000 49 0.00037238949
7 10000 50 0.00025567721
7 10000 51 0.00029559280
7 10000 52 0.00108309746
7 10000 53 0.00030861800
7 10000 54 0.00089993222
7 10000 55 0.00039930407
7 10000 56 0.00024932766
7 10000 57 0.00041818347
7 10000 58 0.00055398854
7 10000 59 0.00039299190
7 10000 60 0.00028023248
7 10000 61 0.00061330086
7 10000 62 0.00047500967
7 10000 63 0.00061292090
7 10000 64 0.00016297277
7 10000 65 0.00018221993
7 10000 66 0.00043002683
7 10000 67 0.00060444379
7 10000 68 0.00122972076
7 10000 69 0.00126486316
7 10000 70 0.00040034527
7 10000 71 0.00084689027
7 10000 72 0.00013653117
7 10000 73 0.00141617760
7 10000 74 0.00047567760
7 10000 75 0.00027813264
7 10000 76 0.00028512118
7 10000 77 0.00068091441
7 10000 78 0.00051271689
7 10000 79 0.00043755775
7 10000 80 0.00094177457
7 10000 81 0.00029495433
7 10000 82 0.00045428635
7 10000 83 0.00053521935
7 10000 84 0.00067287803
7 10000 85 0.00033536565
7 10000 86 0.00117897837
7 10000 87 0.00039729446
7 10000 88 0.00021647563
7 10000 89 0.00033859156
7 10000 90 0.00024340565
7 10000 91 0.00036495852
7 10000 92 0.00028977841
7 10000 93 0.00072870234
7 10000 94 0.00059967660
7 10000 95 0.00053752171
7 10000 96 0.00057065568
7 10000 97 0.00048830926
7 10000 98 0.00105774545
7 10000 99 0.00095977517
7 10000 100 0.00044250743
7 100000 1 0.00032724774
7 100000 2 0.00037159293
7 100000 3 0.00023235941
7 100000 4 0.00043777303
7 100000 5 0.00044038793
7 100000 6 0.00033518659
7 100000 7 0.00020304362
7 100000 8 0.00030465067
7 100000 9 0.00035895370
7 100000 10 0.00018541023
7 100000 11 0.00036387428
7 100000 12 0.00018872435
7 100000 13 0.00035474922
7 100000 14 0.00039891979
7 100000 15 0.00036513832
7 100000 16 0.00033321314
7 100000 17 0.00020903671
7 100000 18 0.00028634112
7 100000 19 0.00021498142
7 100000 20 0.00037138309
7 100000 21 0.00030564655
7 100000 22 0.00022556661
7 100000 23 0.00036718428
7 100000 24 0.00018797397
7 100000 25 0.00016393141
7 100000 26 0.00038795539
7 100000 27 0.00024031193
7 100000 28 0.00021957696
7 100000 29 0.00027825134
7 100000 30 0.00039466249
7 100000 31 0.00021096524
7 100000 32 0.00030681140
7 100000 33 0.00040991057
7 100000 34 0.00036898940
7 100000 35 0.00035601515
7 100000 36 0.00027045591
7 100000 37 0.00028221553
7 100000 38 0.00022629505
7 100000 39 0.00032314365
7 100000 40 0.00028238515
7 100000 41 0.00038348800
7 100000 42 0.00039421943
7 100000 43 0.00021482951
7 100000 44 0.00022206612
7 100000 45 0.00021842380
7 100000 46 0.00020552151
7 100000 47 0.00029077867
7 100000 48 0.00022608666
7 100000 49 0.00020585548
7 100000 50 0.00029031579
7 100000 51 0.00027829406
7 100000 52 0.00027152410
7 100000 53 0.00031424356
7 100000 54 0.00030003482
7 100000 55 0.00022334197
7 100000 56 0.00017858330
7 100000 57 0.00045267064
7 100000 58 0.00024344574
7 100000 59 0.00029056786
7 100000 60 0.00025603776
7 100000 61 0.00022837680
7 100000 62 0.00033577813
7 100000 63 0.00025552366
7 100000 64 0.00041101147
7 100000 65 0.00017080292
7 100000 66 0.00029965634
7 100000 67 0.00032967884
7 100000 68 0.00028812823
7 100000 69 0.00031982730
7 100000 70 0.00035306515
7 100000 71 0.00030947500
7 100000 72 0.00021504262
7 100000 73 0.00046240383
7 100000 74 0.00029328017
7 100000 75 0.00030382555
7 100000 76 0.00020476821
7 100000 77 0.00029280266
7 100000 78 0.00039444536
7 100000 79 0.00026223621
7 100000 80 0.00045711435
7 100000 81 0.00047113520
7 100000 82 0.00024912142
7 100000 83 0.00023259157
7 100000 84 0.00042304171
7 100000 85 0.00045981312
7 100000 86 0.00025203211
7 100000 87 0.00019692694
7 100000 88 0.00019274686
7 100000 89 0.00032166184
7 100000 90 0.00032644506
7 100000 91 0.00025961346
7 100000 92 0.00019275372
7 100000 93 0.00042219719
7 100000 94 0.00042318845
7 100000 95 0.00038446676
7 100000 96 0.00031799765
7 100000 97 0.00015938922
7 100000 98 0.00048756430
7 100000 99 0.00018824719
7 100000 100 0.00025690834
9 100 1 0.00613000729
9 100 2 0.01180534438
9 100 3 0.03253223638
9 100 4 0.01407639049
9 100 5 0.01106492861
9 100 6 0.00827124027
9 100 7 0.00801930349
9 100 8 0.00292363181
9 100 9 0.01401589120
9 100 10 0.01348844159
9 100 11 0.01076478876
9 100 12 0.00696773280
9 100 13 0.00893040486
9 100 14 0.01622847285
9 100 15 0.03192541092
9 100 16 0.00411386784
9 100 17 0.00322909895
9 100 18 0.01395131305
9 100 19 0.01023432879
9 100 20 0.00391885373
9 100 21 0.00646749787
9 100 22 0.00972183662
9 100 23 0.01259209955
9 100 24 0.01139771327
9 100 25 0.00290257534
9 100 26 0.02121419412
9 100 27 0.02988321175
9 100 28 0.00557285881
9 100 29 0.01700129760
9 100 30 0.01931470435
9 100 31 0.00502577639
9 100 32 0.00245126567
9 100 33 0.01947700807
9 100 34 0.01029324176
9 100 35 0.00647300290
9 100 36 0.02024270395
9 100 37 0.01305681918
9 100 38 0.01235096675
9 100 39 0.00450220969
9 100 40 0.02183769627
9 100 41 0.01072664465
9 100 42 0.01054339890
9 100 43 0.01532967281
9 100 44 0.00675572307
9 100 45 0.00118998234
9 100 46 0.00277735327
9 100 47 0.00898512123
9 100 48 0.00532592376
9 100 49 0.00424094567
9 100 50 0.02404800728
9 100 51 0.01679264725
9 100 52 0.00537669399
9 100 53 0.03040018104
9 100 54 0.02610913802
9 100 55 0.01769077546
9 100 56 0.03011499164
9 100 57 0.01066796057
9 100 58 0.00385640300
9 100 59 0.00665496505
9 100 60 0.01914353012
9 100 61 0.01532560806
9 100 62 0.01362837804
9 100 63 0.01136334004
9 100 64 0.00639576531
9 100 65 0.01356777104
9 100 66 0.00727804853
9 100 67 0.00368593708
9 100 68 0.00599109293
9 100 69 0.00987079563
9 100 70 0.01695599270
9 100 71 0.00684981006
9 100 72 0.00065596608
9 100 73 0.00776846673
9 100 74 0.02048094835
9 100 75 0.00468327374
9 100 76 0.01465891610
9 100 77 0.00984841270
9 100 78 0.00557160929
9 100 79 0.01728774512
9 100 80 0.00460785400
9 100 81 0.04174037222
9 100 82 0.00786664765
9 100 83 0.00433849268
9 100 84 0.01264703676
9 100 85 0.01961624494
9 100 86 0.00392458406
9 100 87 0.01218476775
9 100 88 0.01121199991
9 100 89 0.03377267328
9 100 90 0.01564229298
9 100 91 0.01345431678
9 100 92 0.01782953852
9 100 93 0.00196174185
9 100 94 0.00714727765
9 100 95 0.00310406042
9 100 96 0.00193657218
9 100 97 0.01084297649
9 100 98 0.03593092779
9 100 99 0.02590867759
9 100 100 0.01042377459
9 1000 1 0.00143526783
9 1000 2 0.00125914959
9 1000 3 0.00199655473
9 1000 4 0.00092755137
9 1000 5 0.00089633762
9 1000 6 0.00056241842
9 1000 7 0.00079009236
9 1000 8 0.00128499681
9 1000 9 0.00083820121
9 1000 10 0.00229004640
9 1000 11 0.00216790076
9 1000 12 0.00067306214
9 1000 13 0.00220678378
9 1000 14 0.00468779555
9 1000 15 0.00566024345
9 1000 16 0.00276635964
9 1000 17 0.00216189349
9 1000 18 0.00121205913
9 1000 19 0.00082457488
9 1000 20 0.00346950485
9 1000 21 0.00095965379
9 1000 22 0.00062601705
9 1000 23 0.00210412210
9 1000 24 0.00188116802
9 1000 25 0.00240114150
9 1000 26 0.00469081996
9 1000 27 0.00408952061
9 1000 28 0.00100714473
9 1000 29 0.00615436954
9 1000 30 0.00129490968
9 1000 31 0.00025830752
9 1000 32 0.00184472847
9 1000 33 0.00040269119
9 1000 34 0.00157585397
9 1000 35 0.00397911536
9 1000 36 0.00136911169
9 1000 37 0.00069309112
9 1000 38 0.00032303659
9 1000 39 0.00027418615
9 1000 40 0.00043959687
9 1000 41 0.00554834861
9 1000 42 0.00056992085
9 1000 43 0.00054101100
9 1000 44 0.00147676246
9 1000 45 0.00185324308
9 1000 46 0.00269718878
9 1000 47 0.00037480645
9 1000 48 0.00192714581
9 1000 49 0.00135191742
9 1000 50 0.00231771162
9 1000 51 0.00063035526
9 1000 52 0.00226192444
9 1000 53 0.00285903456
9 1000 54 0.00196792711
9 1000 55 0.00133340613
9 1000 56 0.00078106775
9 1000 57 0.00224515321
9 1000 58 0.00023508743
9 1000 59 0.00057033322
9 1000 60 0.00387406167
9 1000 61 0.00128605499
9 1000 62 0.00189824020
9 1000 63 0.00281531470
9 1000 64 0.00072130709
9 1000 65 0.00092420823
9 1000 66 0.00218576586
9 1000 67 0.00097832290
9 1000 68 0.00122919016
9 1000 69 0.00100269142
9 1000 70 0.01025544259
9 1000 71 0.00100090767
9 1000 72 0.00267023369
9 1000 73 0.00121811805
9 1000 74 0.00102181941
9 1000 75 0.00051219568
9 1000 76 0.00073842232
9 1000 77 0.00259211616
9 1000 78 0.00066472559
9 1000 79 0.00052300005
9 1000 80 0.00415162555
9 1000 81 0.00065005289
9 1000 82 0.00283298348
9 1000 83 0.00106457843
9 1000 84 0.00357759666
9 1000 85 0.00655611385
9 1000 86 0.00314504010
9 1000 87 0.00249555193
9 1000 88 0.00040542095
9 1000 89 0.00145948714
9 1000 90 0.00360974252
9 1000 91 0.00060843091
9 1000 92 0.00232036724
9 1000 93 0.00153911039
9 1000 94 0.00479312305
9 1000 95 0.00215541045
9 1000 96 0.00246560083
9 1000 97 0.00336517573
9 1000 98 0.00068778736
9 1000 99 0.00202282498
9 1000 100 0.00221567572
9 10000 1 0.00066592828
9 10000 2 0.00016835608
9 10000 3 0.00044925563
9 10000 4 0.00031387229
9 10000 5 0.00021159078
9 10000 6 0.00019038055
9 10000 7 0.00016883962
9 10000 8 0.00059128870
9 10000 9 0.00021119200
9 10000 10 0.00057039842
9 10000 11 0.00023406384
9 10000 12 0.00029374376
9 10000 13 0.00036285924
9 10000 14 0.00054973070
9 10000 15 0.00070338131
9 10000 16 0.00033184111
9 10000 17 0.00012301832
9 10000 18 0.00041422063
9 10000 19 0.00027398212
9 10000 20 0.00042098882
9 10000 21 0.00072380002
9 10000 22 0.00014512470
9 10000 23 0.00030596615
9 10000 24 0.00043803430
9 10000 25 0.00030519928
9 10000 26 0.00030277228
9 10000 27 0.00043871592
9 10000 28 0.00014911114
9 10000 29 0.00024743588
9 10000 30 0.00017563808
9 10000 31 0.00027645763
9 10000 32 0.00020537920
9 10000 33 0.00049376995
9 10000 34 0.00055456909
9 10000 35 0.00051866964
9 10000 36 0.00041569618
9 10000 37 0.00061118973
9 10000 38 0.00021280707
9 10000 39 0.00010390556
9 10000 40 0.00020434190
9 10000 41 0.00018471770
9 10000 42 0.00018195734
9 10000 43 0.00097599104
9 10000 44 0.00023626330
9 10000 45 0.00047476080
9 10000 46 0.00036157769
9 10000 47 0.00062116021
9 10000 48 0.00039393484
9 10000 49 0.00033892914
9 10000 50 0.00021273536
9 10000 51 0.00042975523
9 10000 52 0.00028662550
9 10000 53 0.00019028770
9 10000 54 0.00022185109
9 10000 55 0.00068879940
9 10000 56 0.00039563406
9 10000 57 0.00051073122
9 10000 58 0.00042358646
9 10000 59 0.00052013318
9 10000 60 0.00036642194
9 10000 61 0.00015253769
9 10000 62 0.00024242901
9 10000 63 0.00099202684
9 10000 64 0.00026530583
9 10000 65 0.00033522758
9 10000 66 0.00028132962
9 10000 67 0.00027148905
9 10000 68 0.00031217262
9 10000 69 0.00025216760
9 10000 70 0.00037382685
9 10000 71 0.00017873010
9 10000 72 0.00026601068
9 10000 73 0.00013856884
9 10000 74 0.00024035293
9 10000 75 0.00024375913
9 10000 76 0.00024557780
9 10000 77 0.00027481078
9 10000 78 0.00086065516
9 10000 79 0.00022796957
9 10000 80 0.00029317667
9 10000 81 0.00021540744
9 10000 82 0.00040047842
9 10000 83 0.00050818263
9 10000 84 0.00021073620
9 10000 85 0.00021172714
9 10000 86 0.00016571503
9 10000 87 0.00062455613
9 10000 88 0.00015303442
9 10000 89 0.00030303652
9 10000 90 0.00071120467
9 10000 91 0.00014865748
9 10000 92 0.00083519233
9 10000 93 0.00021070917
9 10000 94 0.00064132827
9 10000 95 0.00043690376
9 10000 96 0.00068207413
9 10000 97 0.00019971827
9 10000 98 0.00016187584
9 10000 99 0.00021293258
9 10000 100 0.00038754262
9 100000 1 0.00014910285
9 100000 2 0.00012999943
9 100000 3 0.00015945506
9 100000 4 0.00019777543
9 100000 5 0.00013232660
9 100000 6 0.00019134271
9 100000 7 0.00014636745
9 100000 8 0.00015689715
9 100000 9 0.00017482424
9 100000 10 0.00015872133
9 100000 11 0.00017500717
9 100000 12 0.00017871099
9 100000 13 0.00017293849
9 100000 14 0.00014831430
9 100000 15 0.00014292226
9 100000 16 0.00015565049
9 100000 17 0.00016422185
9 100000 18 0.00017586478
9 100000 19 0.00020796888
9 100000 20 0.00017057400
9 100000 21 0.00011621068
9 100000 22 0.00018153061
9 100000 23 0.00013763146
9 100000 24 0.00020492755
9 100000 25 0.00016652483
9 100000 26 0.00014219184
9 100000 27 0.00015887937
9 100000 28 0.00012378054
9 100000 29 0.00014014388
9 100000 30 0.00012408578
9 100000 31 0.00019272999
9 100000 32 0.00015006046
9 100000 33 0.00015611449
9 100000 34 0.00015872866
9 100000 35 0.00015767501
9 100000 36 0.00024928192
9 100000 37 0.00012243310
9 100000 38 0.00014923143
9 100000 39 0.00015316753
9 100000 40 0.00016542639
9 100000 41 0.00015113996
9 100000 42 0.00017612482
9 100000 43 0.00020132412
9 100000 44 0.00015182650
9 100000 45 0.00017391937
9 100000 46 0.00014983459
9 100000 47 0.00019889792
9 100000 48 0.00012915188
9 100000 49 0.00014555156
9 100000 50 0.00014653331
9 100000 51 0.00014630484
9 100000 52 0.00014220054
9 100000 53 0.00016403132
9 100000 54 0.00018786793
9 100000 55 0.00017044366
9 100000 56 0.00016332504
9 100000 57 0.00017798588
9 100000 58 0.00019350448
9 100000 59 0.00015529113
9 100000 60 0.00016100430
9 100000 61 0.00014897873
9 100000 62 0.00013068713
9 100000 63 0.00017705195
9 100000 64 0.00015503432
9 100000 65 0.00014291791
9 100000 66 0.00013374126
9 100000 67 0.00016362870
9 100000 68 0.00012843798
9 100000 69 0.00013520258
9 100000 70 0.00013080871
9 100000 71 0.00015338512
9 100000 72 0.00015648844
9 100000 73 0.00014647560
9 100000 74 0.00015921560
9 100000 75 0.00014961122
9 100000 76 0.00019353113
9 100000 77 0.00013370350
9 100000 78 0.00015372292
9 100000 79 0.00014141614
9 100000 80 0.00015739859
9 100000 81 0.00015432371
9 100000 82 0.00015740580
9 100000 83 0.00018991030
9 100000 84 0.00016102720
9 100000 85 0.00015338600
9 100000 86 0.00013817356
9 100000 87 0.00016721435
9 100000 88 0.00013287150
9 100000 89 0.00016853383
9 100000 90 0.00019316260
9 100000 91 0.00014562289
9 100000 92 0.00014732468
9 100000 93 0.00017615384
9 100000 94 0.00016810496
9 100000 95 0.00018275812
9 100000 96 0.00012669288
9 100000 97 0.00014910670
9 100000 98 0.00014228199
9 100000 99 0.00012445250
9 100000 100 0.00015581578
11 100 1 0.00530881351
11 100 2 0.03007328787
11 100 3 0.00810613681
11 100 4 0.04964443864
11 100 5 0.00708784934
11 100 6 0.03791652650
11 100 7 0.02412084548
11 100 8 0.00533805624
11 100 9 0.01205066156
11 100 10 0.01314958488
11 100 11 0.05705956755
11 100 12 0.00621435314
11 100 13 0.00910745203
11 100 14 0.00819605083
11 100 15 0.03597273430
11 100 16 0.02798995302
11 100 17 0.02893776955
11 100 18 0.00453043903
11 100 19 0.00517281768
11 100 20 0.01132342829
11 100 21 0.02967989566
11 100 22 0.01333016774
11 100 23 0.01566652751
11 100 24 0.01495994133
11 100 25 0.02940981275
11 100 26 0.01761435965
11 100 27 0.01972038062
11 100 28 0.03199547300
11 100 29 0.02022668612
11 100 30 0.02302854615
11 100 31 0.00750381363
11 100 32 0.00784642535
11 100 33 0.01372811923
11 100 34 0.01967798896
11 100 35 0.00702289508
11 100 36 0.01821371983
11 100 37 0.02425497937
11 100 38 0.01448145626
11 100 39 0.00437753115
11 100 40 0.02744870194
11 100 41 0.00594473247
11 100 42 0.00435232556
11 100 43 0.00459176794
11 100 44 0.00685196951
11 100 45 0.01144338753
11 100 46 0.01077149777
11 100 47 0.02286672646
11 100 48 0.01371448113
11 100 49 0.01468698250
11 100 50 0.03502172211
11 100 51 0.04842188927
11 100 52 0.01112065567
11 100 53 0.00898442105
11 100 54 0.03926479588
11 100 55 0.04529120900
11 100 56 0.01005887577
11 100 57 0.05322638674
11 100 58 0.03662031581
11 100 59 0.01719639693
11 100 60 0.01075688818
11 100 61 0.01259683429
11 100 62 0.01008396224
11 100 63 0.02803741981
11 100 64 0.00477934864
11 100 65 0.01487563887
11 100 66 0.00859229465
11 100 67 0.03280315644
11 100 68 0.02355990598
11 100 69 0.02912635433
11 100 70 0.03088692965
11 100 71 0.00868758926
11 100 72 0.02398167220
11 100 73 0.02812660112
11 100 74 0.01865854800
11 100 75 0.01943231958
11 100 76 0.01857328651
11 100 77 0.00916485123
11 100 78 0.01231794385
11 100 79 0.01918143864
11 100 80 0.01311978660
11 100 81 0.01209187949
11 100 82 0.03186272116
11 100 83 0.03675402233
11 100 84 0.02548086911
11 100 85 0.01334859896
11 100 86 0.02997912654
11 100 87 0.00871534974
11 100 88 0.00513258492
11 100 89 0.00352806338
11 100 90 0.01612520109
11 100 91 0.05591438269
11 100 92 0.04791259472
11 100 93 0.02782089119
11 100 94 0.03128769586
11 100 95 0.02193002817
11 100 96 0.00483064509
11 100 97 0.04593907906
11 100 98 0.01096643053
11 100 99 0.02443565006
11 100 100 0.01040690389
11 1000 1 0.00320353119
11 1000 2 0.00257051716
11 1000 3 0.00043123769
11 1000 4 0.00468613416
11 1000 5 0.00419546144
11 1000 6 0.00351335880
11 1000 7 0.00432483836
11 1000 8 0.00050225882
11 1000 9 0.00046950984
11 1000 10 0.00179635974
11 1000 11 0.00108358080
11 1000 12 0.00319348337
11 1000 13 0.00282380350
11 1000 14 0.00428807235
11 1000 15 0.00154816709
11 1000 16 0.00542857692
11 1000 17 0.00322151330
11 1000 18 0.00259799217
11 1000 19 0.00200680025
11 1000 20 0.00295243187
11 1000 21 0.00559801983
11 1000 22 0.00200499529
11 1000 23 0.00271318675
11 1000 24 0.00145128380
11 1000 25 0.00595341150
11 1000 26 0.00179245158
11 1000 27 0.00191597909
11 1000 28 0.00418623174
11 1000 29 0.00177039301
11 1000 30 0.00779900261
11 1000 31 0.00124875258
11 1000 32 0.00130476299
11 1000 33 0.00022818995
11 1000 34 0.00409541348
11 1000 35 0.00201710979
11 1000 36 0.00054897562
11 1000 37 0.00409167310
11 1000 38 0.00389033614
11 1000 39 0.00142703400
11 1000 40 0.00080753000
11 1000 41 0.00122131543
11 1000 42 0.00236731524
11 1000 43 0.00120450784
11 1000 44 0.00142982082
11 1000 45 0.00338713697
11 1000 46 0.00127672105
11 1000 47 0.00123135328
11 1000 48 0.00109000986
11 1000 49 0.00237320618
11 1000 50 0.01523196149
11 1000 51 0.00340276302
11 1000 52 0.00706295118
11 1000 53 0.00376582896
11 1000 54 0.00163370537
11 1000 55 0.00568040067
11 1000 56 0.00158076862
11 1000 57 0.00424857196
11 1000 58 0.00162638874
11 1000 59 0.00298959935
11 1000 60 0.00088334802
11 1000 61 0.00341338474
11 1000 62 0.00272606713
11 1000 63 0.00528989356
11 1000 64 0.00142332127
11 1000 65 0.00156254052
11 1000 66 0.00116677564
11 1000 67 0.00198803101
11 1000 68 0.00319764275
11 1000 69 0.00741456555
11 1000 70 0.00154295191
11 1000 71 0.00309067418
11 1000 72 0.00158515678
11 1000 73 0.00146582027
11 1000 74 0.00164661146
11 1000 75 0.00148912391
11 1000 76 0.00179924047
11 1000 77 0.00460210437
11 1000 78 0.00135710142
11 1000 79 0.00095319304
11 1000 80 0.00243631148
11 1000 81 0.00043538649
11 1000 82 0.00313879726
11 1000 83 0.00247894310
11 1000 84 0.00700455038
11 1000 85 0.00189197649
11 1000 86 0.00242584234
11 1000 87 0.00389399207
11 1000 88 0.00103392610
11 1000 89 0.00593593096
11 1000 90 0.00248706291
11 1000 91 0.00269925331
11 1000 92 0.00296655393
11 1000 93 0.00130105771
11 1000 94 0.00133392626
11 1000 95 0.00168593411
11 1000 96 0.00056235493
11 1000 97 0.00089118666
11 1000 98 0.00308338020
11 1000 99 0.00242774490
11 1000 100 0.00664333798
11 10000 1 0.00101405363
11 10000 2 0.00034268301
11 10000 3 0.00043741904
11 10000 4 0.00052288185
11 10000 5 0.00026363240
11 10000 6 0.00132944659
11 10000 7 0.00069073991
11 10000 8 0.00063746904
11 10000 9 0.00024636329
11 10000 10 0.00092429643
11 10000 11 0.00024606337
11 10000 12 0.00028760008
11 10000 13 0.00011176391
11 10000 14 0.00056287920
11 10000 15 0.00051518500
11 10000 16 0.00046582213
11 10000 17 0.00028851508
11 10000 18 0.00039034652
11 10000 19 0.00063891330
11 10000 20 0.00057648759
11 10000 21 0.00052251618
11 10000 22 0.00032913390
11 10000 23 0.00020676850
11 10000 24 0.00068139528
11 10000 25 0.00024785505
11 10000 26 0.00044752310
11 10000 27 0.00068077016
11 10000 28 0.00031303929
11 10000 29 0.00061781948
11 10000 30 0.00058089837
11 10000 31 0.00048257231
11 10000 32 0.00027768185
11 10000 33 0.00030184776
11 10000 34 0.00073654903
11 10000 35 0.00110914632
11 10000 36 0.00101341706
11 10000 37 0.00041589440
11 10000 38 0.00042034351
11 10000 39 0.00072345961
11 10000 40 0.00059426379
11 10000 41 0.00047241602
11 10000 42 0.00101659072
11 10000 43 0.00040674755
11 10000 44 0.00044628545
11 10000 45 0.00037407996
11 10000 46 0.00139923722
11 10000 47 0.00018306623
11 10000 48 0.00034182863
11 10000 49 0.00049794031
11 10000 50 0.00099965816
11 10000 51 0.00064353271
11 10000 52 0.00140009107
11 10000 53 0.00021413261
11 10000 54 0.00060625954
11 10000 55 0.00033860562
11 10000 56 0.00045854890
11 10000 57 0.00051800815
11 10000 58 0.00041129540
11 10000 59 0.00015263144
11 10000 60 0.00106058824
11 10000 61 0.00058791396
11 10000 62 0.00048262719
11 10000 63 0.00020690848
11 10000 64 0.00015648487
11 10000 65 0.00058093510
11 10000 66 0.00078243692
11 10000 67 0.00059974788
11 10000 68 0.00087886013
11 10000 69 0.00131101260
11 10000 70 0.00037608490
11 10000 71 0.00048659991
11 10000 72 0.00265426967
11 10000 73 0.00049855468
11 10000 74 0.00044601247
11 10000 75 0.00088324903
11 10000 76 0.00021592702
11 10000 77 0.00034443103
11 10000 78 0.00025178972
11 10000 79 0.00019222248
11 10000 80 0.00044092226
11 10000 81 0.00045196530
11 10000 82 0.00067311604
11 10000 83 0.00028350326
11 10000 84 0.00048542183
11 10000 85 0.00032472438
11 10000 86 0.00015622524
11 10000 87 0.00032337832
11 10000 88 0.00067081297
11 10000 89 0.00029468030
11 10000 90 0.00023640563
11 10000 91 0.00025848897
11 10000 92 0.00023905584
11 10000 93 0.00055419354
11 10000 94 0.00114291571
11 10000 95 0.00049802109
11 10000 96 0.00064343065
11 10000 97 0.00020834048
11 10000 98 0.00077133646
11 10000 99 0.00029435621
11 10000 100 0.00054018978
11 100000 1 0.00019845487
11 100000 2 0.00025203479
11 100000 3 0.00017189903
11 100000 4 0.00027713847
11 100000 5 0.00015571788
11 100000 6 0.00020060848
11 100000 7 0.00025696922
11 100000 8 0.00027096726
11 100000 9 0.00030114614
11 100000 10 0.00038955071
11 100000 11 0.00027489556
11 100000 12 0.00019755913
11 100000 13 0.00033014358
11 100000 14 0.00036963042
11 100000 15 0.00019163793
11 100000 16 0.00024347653
11 100000 17 0.00027062460
11 100000 18 0.00024483797
11 100000 19 0.00027421869
11 100000 20 0.00018973214
11 100000 21 0.00020776377
11 100000 22 0.00032727023
11 100000 23 0.00023916334
11 100000 24 0.00029471221
11 100000 25 0.00016113320
11 100000 26 0.00026965577
11 100000 27 0.00032707146
11 100000 28 0.00028682524
11 100000 29 0.00016825896
11 100000 30 0.00023230902
11 100000 31 0.00027459651
11 100000 32 0.00026463582
11 100000 33 0.00043860272
11 100000 34 0.00017076565
11 100000 35 0.00038316364
11 100000 36 0.00028604811
11 100000 37 0.00029085357
11 100000 38 0.00022495820
11 100000 39 0.00022974904
11 100000 40 0.00015640400
11 100000 41 0.00036578399
11 100000 42 0.00040522280
11 100000 43 0.00027738511
11 100000 44 0.00025020783
11 100000 45 0.00012543344
11 100000 46 0.00039593845
11 100000 47 0.00032211841
11 100000 48 0.00026071049
11 100000 49 0.00017291442
11 100000 50 0.00021393899
11 100000 51 0.00022758547
11 100000 52 0.00021880555
11 100000 53 0.00028787771
11 100000 54 0.00053501338
11 100000 55 0.00020862354
11 100000 56 0.00025672161
11 100000 57 0.00021256961
11 100000 58 0.00020319127
11 100000 59 0.00030128250
11 100000 60 0.00034860018
11 100000 61 0.00027198066
11 100000 62 0.00019819738
11 100000 63 0.00021778943
11 100000 64 0.00027472450
11 100000 65 0.00020179636
11 100000 66 0.00022289958
11 100000 67 0.00040741592
11 100000 68 0.00037801209
11 100000 69 0.00026261805
11 100000 70 0.00022921738
11 100000 71 0.00024042988
11 100000 72 0.00025513908
11 100000 73 0.00023753889
11 100000 74 0.00027613844
11 100000 75 0.00050984730
11 100000 76 0.00031706836
11 100000 77 0.00028197110
11 100000 78 0.00025854951
11 100000 79 0.00022640864
11 100000 80 0.00019360381
11 100000 81 0.00017067693
11 100000 82 0.00021933234
11 100000 83 0.00022244111
11 100000 84 0.00025267648
11 100000 85 0.00037310382
11 100000 86 0.00040202855
11 100000 87 0.00020915911
11 100000 88 0.00026568937
11 100000 89 0.00023831371
11 100000 90 0.00023814371
11 100000 91 0.00036266622
11 100000 92 0.00015723261
11 100000 93 0.00018120029
11 100000 94 0.00040865703
11 100000 95 0.00018160155
11 100000 96 0.00012579989
11 100000 97 0.00023991959
11 100000 98 0.00023331202
11 100000 99 0.00025817359
11 100000 100 0.00025574763
13 100 1 0.01945228408
13 100 2 0.02868229356
13 100 3 0.00768465695
13 100 4 0.02085707070
13 100 5 0.02585166156
13 100 6 0.00434038809
13 100 7 0.01531362273
13 100 8 0.00708124949
13 100 9 0.00673867286
13 100 10 0.01665153214
13 100 11 0.00450728295
13 100 12 0.00476967606
13 100 13 0.00445958076
13 100 14 0.00360183465
13 100 15 0.00738312049
13 100 16 0.01768816450
13 100 17 0.02145922961
13 100 18 0.00492022924
13 100 19 0.02002579812
13 100 20 0.00498329145
13 100 21 0.00808168226
13 100 22 0.00942360975
13 100 23 0.02866432120
13 100 24 0.00242536713
13 100 25 0.00675985363
13 100 26 0.01212649327
13 100 27 0.00067211868
13 100 28 0.02094737363
13 100 29 0.00487716387
13 100 30 0.02096151988
13 100 31 0.00473293246
13 100 32 0.01568967527
13 100 33 0.02114236053
13 100 34 0.00279876333
13 100 35 0.01438892128
13 100 36 0.03268578851
13 100 37 0.01108641548
13 100 38 0.00839205910
13 100 39 0.00428228476
13 100 40 0.00723120103
13 100 41 0.02575598229
13 100 42 0.00850042656
13 100 43 0.00615758833
13 100 44 0.01735280913
13 100 45 0.00659739342
13 100 46 0.00283354951
13 100 47 0.00489761681
13 100 48 0.02321803674
13 100 49 0.00120726232
13 100 50 0.01537420186
13 100 51 0.02162749627
13 100 52 0.00998977927
13 100 53 0.00718174946
13 100 54 0.02790991407
13 100 55 0.01388612862
13 100 56 0.00583699104
13 100 57 0.01265137797
13 100 58 0.01896135279
13 100 59 0.00473869292
13 100 60 0.00612718953
13 100 61 0.00391236054
13 100 62 0.02266476139
13 100 63 0.00903042333
13 100 64 0.00795032014
13 100 65 0.01884509881
13 100 66 0.01101712225
13 100 67 0.01501396404
13 100 68 0.00062425085
13 100 69 0.00695356277
13 100 70 0.00628474331
13 100 71 0.01370105979
13 100 72 0.00710950175
13 100 73 0.00758204701
13 100 74 0.02078907808
13 100 75 0.00717528876
13 100 76 0.00956113315
13 100 77 0.01096755967
13 100 78 0.00506920516
13 100 79 0.00884646354
13 100 80 0.00571484213
13 100 81 0.01324058713
13 100 82 0.01312202671
13 100 83 0.02059271665
13 100 84 0.00387846831
13 100 85 0.00858952577
13 100 86 0.00127753077
13 100 87 0.04530591050
13 100 88 0.00336357472
13 100 89 0.01890877832
13 100 90 0.00137523772
13 100 91 0.00336402106
13 100 92 0.02123502236
13 100 93 0.00926589475
13 100 94 0.00897523935
13 100 95 0.00537803143
13 100 96 0.00496031982
13 100 97 0.00585329267
13 100 98 0.00924969696
13 100 99 0.01536439526
13 100 100 0.01057186426
13 1000 1 0.00086349134
13 1000 2 0.00136109139
13 1000 3 0.00038915593
13 1000 4 0.00436035807
13 1000 5 0.00335247887
13 1000 6 0.00080439602
13 1000 7 0.00085306742
13 1000 8 0.00274718180
13 1000 9 0.00095716043
13 1000 10 0.00188469407
13 1000 11 0.00047045143
13 1000 12 0.00084371195
13 1000 13 0.00174259700
13 1000 14 0.00241893684
13 1000 15 0.00169258212
13 1000 16 0.00164851430
13 1000 17 0.00358272510
13 1000 18 0.00156243567
13 1000 19 0.00309007332
13 1000 20 0.00145991605
13 1000 21 0.00144584857
13 1000 22 0.00074826814
13 1000 23 0.00117834340
13 1000 24 0.00169502971
13 1000 25 0.00190136998
13 1000 26 0.00400095520
13 1000 27 0.00200668697
13 1000 28 0.00146310933
13 1000 29 0.00090624517
13 1000 30 0.00105740533
13 1000 31 0.00529098925
13 1000 32 0.00463940302
13 1000 33 0.00126227051
13 1000 34 0.00102761626
13 1000 35 0.00356561903
13 1000 36 0.00288510672
13 1000 37 0.00953459043
13 1000 38 0.00057154649
13 1000 39 0.00227226495
13 1000 40 0.00413412996
13 1000 41 0.00186558533
13 1000 42 0.00122949841
13 1000 43 0.00048636092
13 1000 44 0.00765924873
13 1000 45 0.00296369547
13 1000 46 0.00147174775
13 1000 47 0.00372650255
13 1000 48 0.00101872976
13 1000 49 0.00023580693
13 1000 50 0.00136075410
13 1000 51 0.00056922265
13 1000 52 0.00257222734
13 1000 53 0.00167202155
13 1000 54 0.00106889333
13 1000 55 0.00362138422
13 1000 56 0.00149703383
13 1000 57 0.00143135081
13 1000 58 0.00099583599
13 1000 59 0.00040241495
13 1000 60 0.00158948723
13 1000 61 0.00294843705
13 1000 62 0.00420639109
13 1000 63 0.00068227185
13 1000 64 0.00323740891
13 1000 65 0.00194940931
13 1000 66 0.00162377524
13 1000 67 0.00758503047
13 1000 68 0.00031835732
13 1000 69 0.00094040571
13 1000 70 0.00180248947
13 1000 71 0.00215488351
13 1000 72 0.00313029539
13 1000 73 0.00136106476
13 1000 74 0.00080652120
13 1000 75 0.00058219745
13 1000 76 0.00088298942
13 1000 77 0.00145591087
13 1000 78 0.00188100095
13 1000 79 0.00158373181
13 1000 80 0.00101223967
13 1000 81 0.00033564052
13 1000 82 0.00222742832
13 1000 83 0.00297694536
13 1000 84 0.00114167024
13 1000 85 0.00182377251
13 1000 86 0.00132289193
13 1000 87 0.00262045469
13 1000 88 0.00114538731
13 1000 89 0.00039541235
13 1000 90 0.00193210920
13 1000 91 0.00178824493
13 1000 92 0.00174242591
13 1000 93 0.00074757800
13 1000 94 0.00634224379
13 1000 95 0.00118210655
13 1000 96 0.00112554390
13 1000 97 0.00522977330
13 1000 98 0.00082509791
13 1000 99 0.00047598458
13 1000 100 0.00148439355
13 10000 1 0.00040024283
13 10000 2 0.00046069121
13 10000 3 0.00018653626
13 10000 4 0.00033452061
13 10000 5 0.00034133294
13 10000 6 0.00068447890
13 10000 7 0.00052543080
13 10000 8 0.00019053540
13 10000 9 0.00032202143
13 10000 10 0.00026552956
13 10000 11 0.00014473262
13 10000 12 0.00035012353
13 10000 13 0.00028425490
13 10000 14 0.00034368358
13 10000 15 0.00044043503
13 10000 16 0.00033885290
13 10000 17 0.00025754465
13 10000 18 0.00012002587
13 10000 19 0.00020388697
13 10000 20 0.00035885659
13 10000 21 0.00016113550
13 10000 22 0.00023318504
13 10000 23 0.00024192511
13 10000 24 0.00020744755
13 10000 25 0.00033268465
13 10000 26 0.00021292526
13 10000 27 0.00036865443
13 10000 28 0.00027710274
13 10000 29 0.00030061484
13 10000 30 0.00024221329
13 10000 31 0.00026499417
13 10000 32 0.00060583366
13 10000 33 0.00019975790
13 10000 34 0.00017133430
13 10000 35 0.00073897420
13 10000 36 0.00040841156
13 10000 37 0.00024800202
13 10000 38 0.00045204246
13 10000 39 0.00027368488
13 10000 40 0.00059737166
13 10000 41 0.00025413902
13 10000 42 0.00027586156
13 10000 43 0.00040989929
13 10000 44 0.00057148696
13 10000 45 0.00051238172
13 10000 46 0.00041232256
13 10000 47 0.00034576039
13 10000 48 0.00041178412
13 10000 49 0.00032892590
13 10000 50 0.00017452411
13 10000 51 0.00083702046
13 10000 52 0.00039258658
13 10000 53 0.00025483804
13 10000 54 0.00019241933
13 10000 55 0.00016880999
13 10000 56 0.00021405125
13 10000 57 0.00017599756
13 10000 58 0.00051388835
13 10000 59 0.00036065979
13 10000 60 0.00033078119
13 10000 61 0.00019524456
13 10000 62 0.00020554851
13 10000 63 0.00025131444
13 10000 64 0.00054782586
13 10000 65 0.00025285814
13 10000 66 0.00022693220
13 10000 67 0.00025501712
13 10000 68 0.00019479881
13 10000 69 0.00050134519
13 10000 70 0.00058862528
13 10000 71 0.00045028925
13 10000 72 0.00022968388
13 10000 73 0.00029479670
13 10000 74 0.00028407538
13 10000 75 0.00019756840
13 10000 76 0.00037820612
13 10000 77 0.00050075958
13 10000 78 0.00031820454
13 10000 79 0.00017225481
13 10000 80 0.00026122205
13 10000 81 0.00015167428
13 10000 82 0.00041446678
13 10000 83 0.00032786907
13 10000 84 0.00024982448
13 10000 85 0.00024528700
13 10000 86 0.00019551954
13 10000 87 0.00022303742
13 10000 88 0.00027050648
13 10000 89 0.00015160033
13 10000 90 0.00014786046
13 10000 91 0.00034949409
13 10000 92 0.00040638325
13 10000 93 0.00039865391
13 10000 94 0.00034997850
13 10000 95 0.00046214342
13 10000 96 0.00023057867
13 10000 97 0.00065732887
13 10000 98 0.00043192881
13 10000 99 0.00029962269
13 10000 100 0.00020285209
13 100000 1 0.00015037946
13 100000 2 0.00016908559
13 100000 3 0.00012422505
13 100000 4 0.00013667865
13 100000 5 0.00013418274
13 100000 6 0.00018254011
13 100000 7 0.00013887079
13 100000 8 0.00012564649
13 100000 9 0.00018429774
13 100000 10 0.00021731060
13 100000 11 0.00015902168
13 100000 12 0.00013541450
13 100000 13 0.00011397783
13 100000 14 0.00014806200
13 100000 15 0.00013013479
13 100000 16 0.00013010774
13 100000 17 0.00020858109
13 100000 18 0.00012673707
13 100000 19 0.00012561349
13 100000 20 0.00013848331
13 100000 21 0.00011879837
13 100000 22 0.00015115415
13 100000 23 0.00015277905
13 100000 24 0.00015169325
13 100000 25 0.00015784202
13 100000 26 0.00015423881
13 100000 27 0.00014549925
13 100000 28 0.00015178928
13 100000 29 0.00015245356
13 100000 30 0.00014472858
13 100000 31 0.00013429036
13 100000 32 0.00015493424
13 100000 33 0.00013265341
13 100000 34 0.00016628415
13 100000 35 0.00014563490
13 100000 36 0.00016259117
13 100000 37 0.00014069228
13 100000 38 0.00014526345
13 100000 39 0.00015649557
13 100000 40 0.00014234758
13 100000 41 0.00012575545
13 100000 42 0.00015985606
13 100000 43 0.00012023867
13 100000 44 0.00015242735
13 100000 45 0.00015802275
13 100000 46 0.00017228257
13 100000 47 0.00015220745
13 100000 48 0.00014287224
13 100000 49 0.00015361630
13 100000 50 0.00017839389
13 100000 51 0.00012356099
13 100000 52 0.00018133942
13 100000 53 0.00017619326
13 100000 54 0.00013208371
13 100000 55 0.00011887664
13 100000 56 0.00019556108
13 100000 57 0.00015645560
13 100000 58 0.00021233280
13 100000 59 0.00018360737
13 100000 60 0.00014513167
13 100000 61 0.00015390569
13 100000 62 0.00021176406
13 100000 63 0.00018260298
13 100000 64 0.00016258005
13 100000 65 0.00013275040
13 100000 66 0.00015713615
13 100000 67 0.00015075536
13 100000 68 0.00014094770
13 100000 69 0.00021168817
13 100000 70 0.00014171400
13 100000 71 0.00017232740
13 100000 72 0.00015255588
13 100000 73 0.00019580450
13 100000 74 0.00015927657
13 100000 75 0.00015740229
13 100000 76 0.00012547219
13 100000 77 0.00021489838
13 100000 78 0.00014132628
13 100000 79 0.00011850315
13 100000 80 0.00014321865
13 100000 81 0.00012913956
13 100000 82 0.00023235765
13 100000 83 0.00017144909
13 100000 84 0.00015036818
13 100000 85 0.00013788796
13 100000 86 0.00016882319
13 100000 87 0.00021453080
13 100000 88 0.00017396668
13 100000 89 0.00016063959
13 100000 90 0.00013580923
13 100000 91 0.00014694305
13 100000 92 0.00019038847
13 100000 93 0.00015672218
13 100000 94 0.00017905511
13 100000 95 0.00016732959
13 100000 96 0.00014587235
13 100000 97 0.00019703376
13 100000 98 0.00028397426
13 100000 99 0.00010563300
13 100000 100 0.00011852023
